	1591531	1591724	1592063	1593653	1593674	1593724	1593726	1594605	1594869	1594880	1594881	1595128	1595148	1595988	1596370	1596486	1597229	1599633	1599945	1599949	1601605	1602779	1602820	1602821	1602835	1602838	1602852	1605269	1605640	1606954	1610666	1617786	1619394	1619776	1620994	1621001	1622245	1623422	1624458	1626589	1626591	1628557	1629499	1631529	1632173	1638604	1639990	1643763	1644509	1645253	1645459	1645463	1645498	1645502	1647855	1648062	1649476	1649477	1649855	1650253	1650255	1650260	1650263	1656924	1660370	1660384	1660920	1661966	1666530	1670329	1670817	1670821	1670823	1670825	1670827	1670829	1670831	1670835	1671812	1673104	1674410	1675241	1682933	1685994	1693319	1697887	1698955	1700959	1702132	1703504	1703857	1706934	1709603	1709827	1713057	1714003	1716321	1717359	1719422	1721062	1725259	1727145	1729082	1730125	1734757	1742639	1743222	1754690	1757889	1759211	1760387	1764940	1766309	1779890	1783168	1786951	1787343	1787345	1792824	1794948	1795988	1796836	1798296	1798300	1798302	1800272	1800515	1800601	1802999	1803707	1803710	1803718	1803723	1805760	1806636	1806640	1807104	1807109	1807114	1807811	1807850	1809936	1810723	1810727	1811546	1814245	1816741	1817730	1820881	1821294	1825474	1827569	1827796	1828215	1828217	1831070	1831243	1831262	1835470	1835641	1836048	1836050	1836052	1836054	1836056	1836058	1836060	1836628	1840281	1840768	1841011	1841915	1842210	1844905	1848203	1850286	1850800	1879488	1879614	1884573	1884577	1891258	1897234	1897382	1897754	1897835	1899658	1901481	1902054	1902277	1902807	1902809	1904599	1904824	1905219	1906163	1906171	1906175	1907000	1907712
RCN13479	0	2	2	2	2	0	0	0	2	2	2	1	1	2	0	2	2	0	2	2	2	0	2	2	0	0	0	0	0	0	2	0	2	0	0	0	0	2	2	2	2	2	0	2	1	2	0	0	0	0	2	2	0	0	2	2	0	0	0	2	2	2	2	0	0	0	2	2	2	2	2	2	2	2	2	2	0	0	0	0	2	2	2	2	2	2	2	2	2	2	2	2	2	0	0	2	2	2	0	2	2	2	2	2	2	2	2	2	2	2	2	2	2	2	2	2	2	2	2	2	2	2	1	1	1	0	2	2	2	2	2	0	0	0	2	2	2	2	0	2	0	0	2	2	0	2	2	2	2	2	0	2	0	2	2	2	2	2	0	0	2	2	2	2	0	1	0	2	2	0	0	2	2	0	2	2	0	2	2	2	2	0	2	1	0	0	2	0	0	2	0	0	2	2	2	2	2	2	2	0
RCN08757	0	2	2	2	2	0	0	0	2	2	2	2	2	2	0	2	2	0	2	2	2	0	2	2	0	0	0	0	0	0	0	0	2	0	0	0	0	2	2	2	2	0	0	2	2	2	0	0	0	0	2	2	0	0	2	2	0	0	0	2	2	2	2	0	1	1	2	2	2	2	2	2	2	2	2	2	0	0	0	2	2	2	2	2	2	2	2	2	2	2	2	2	2	0	0	2	2	2	0	2	2	2	2	2	2	2	2	2	2	2	2	2	2	2	2	2	2	2	2	2	2	0	2	2	2	0	2	2	2	2	2	0	0	0	2	2	2	2	0	2	0	0	2	2	0	2	2	2	2	2	0	2	0	2	2	2	2	2	0	0	2	2	2	2	2	1	0	2	2	0	0	2	2	0	1	2	0	2	2	2	2	0	2	2	0	0	2	0	0	2	0	0	2	2	2	2	2	2	2	0
RCN11876	0	2	2	2	2	0	0	0	2	2	2	2	2	2	0	2	2	0	2	2	2	0	2	2	0	0	0	2	0	0	0	0	2	0	0	0	2	2	2	2	2	2	0	2	2	2	0	0	0	0	2	2	0	0	2	2	0	0	0	2	2	2	2	0	2	2	2	2	2	2	2	2	2	2	2	2	0	0	0	0	2	2	2	2	2	2	2	2	2	2	2	2	2	0	0	2	2	2	0	2	2	2	2	2	2	2	2	2	2	2	2	2	2	2	2	2	2	2	2	2	2	2	1	1	1	0	2	2	2	2	2	0	0	0	2	2	2	2	0	2	0	0	2	2	0	2	2	2	2	2	0	2	0	2	2	2	2	2	0	0	2	2	2	2	2	1	1	2	2	0	0	2	2	0	2	2	0	2	2	2	0	0	2	2	0	0	2	0	0	2	0	0	2	2	2	2	2	2	2	0
RCN08756	0	2	2	2	2	0	0	0	2	2	2	1	1	2	0	2	2	0	2	2	1	0	2	2	2	2	0	2	0	0	0	0	2	0	0	0	0	2	2	2	2	2	0	2	2	2	0	0	0	0	2	2	0	0	2	2	0	0	0	2	2	2	2	0	2	2	2	2	2	2	2	2	2	2	2	2	0	0	0	2	2	2	2	2	2	2	2	2	2	2	2	2	2	0	0	2	2	2	1	2	2	2	2	2	2	2	2	2	2	2	2	2	2	2	2	2	2	2	2	2	2	0	2	2	2	0	2	2	2	2	2	0	0	0	2	2	2	2	0	2	0	0	2	2	0	2	2	2	2	2	0	2	0	2	2	2	2	2	0	0	2	2	2	2	0	1	0	2	2	0	0	2	2	0	2	2	0	2	2	2	0	0	2	1	0	0	2	0	0	2	0	0	0	2	2	2	2	0	2	0
RCN13534	0	2	2	2	2	0	0	0	2	2	2	1	1	2	0	2	2	0	2	2	2	0	2	2	0	0	0	2	0	0	0	0	2	0	0	0	0	2	2	1	1	2	0	2	2	2	0	0	0	0	2	2	0	0	2	2	0	0	0	2	2	2	2	0	2	2	2	2	2	2	2	2	2	2	2	2	2	0	0	0	2	2	2	2	2	2	2	2	2	2	2	2	2	0	0	2	2	2	0	2	2	2	2	2	2	2	2	2	2	2	2	2	2	2	2	2	1	1	2	2	2	2	1	1	1	0	2	2	2	2	2	0	0	0	2	2	2	2	0	2	0	0	2	2	0	2	2	2	2	2	0	2	0	2	2	2	2	2	0	0	2	2	2	2	0	1	0	2	0	0	0	2	2	0	2	2	0	2	2	2	2	0	2	2	0	0	2	0	0	2	0	0	0	2	2	2	2	2	2	0
SPT25111	2	2	2	0	0	2	2	2	0	0	0	1	1	2	0	0	2	2	2	2	2	2	2	2	2	2	0	0	0	2	0	0	2	2	2	2	0	0	2	2	2	2	0	2	1	2	2	2	0	0	2	2	0	0	2	2	2	2	2	2	2	2	2	0	2	0	0	2	2	2	2	2	2	2	2	2	0	0	0	0	2	2	0	2	2	2	2	2	2	2	2	2	2	0	0	2	2	2	0	2	2	2	2	2	2	2	2	2	2	2	2	2	2	2	2	2	2	2	2	2	2	0	1	1	1	0	2	2	2	2	2	0	0	0	2	2	2	2	0	0	0	0	2	2	0	2	2	2	2	2	2	2	2	2	2	0	2	2	2	2	2	2	2	2	2	2	1	0	2	0	0	0	2	0	2	1	0	2	2	2	0	0	2	2	0	2	2	0	0	0	2	2	0	2	0	2	2	2	2	2
SPT25121	0	2	2	0	0	0	0	2	0	0	0	0	0	2	0	0	2	0	0	0	1	2	2	2	2	2	0	0	0	0	0	0	2	0	1	0	0	0	2	2	0	2	0	2	2	2	2	2	0	0	2	2	0	0	1	2	0	0	0	2	2	2	2	2	0	0	0	2	2	2	2	2	0	0	0	0	0	0	2	0	2	2	2	2	1	2	2	2	2	2	0	2	2	2	2	0	2	0	1	2	2	2	2	2	2	2	2	2	2	2	2	2	2	2	2	2	2	2	2	2	2	0	2	2	2	0	2	2	2	2	2	0	0	0	2	2	2	2	0	2	0	0	2	2	0	2	0	2	2	2	0	2	0	2	2	2	2	2	0	0	2	2	2	0	1	0	0	2	0	0	0	2	2	0	2	2	0	2	2	2	0	0	2	2	0	2	2	0	0	0	2	2	0	2	0	2	2	0	2	2
RCN09023	0	2	2	2	2	0	0	0	2	2	2	2	2	2	0	2	2	0	2	2	2	0	2	2	0	0	0	2	0	0	0	0	2	0	0	0	0	2	2	2	2	2	0	2	2	2	0	0	0	0	2	2	0	0	2	2	0	0	0	2	2	2	2	0	0	0	2	2	2	2	2	2	2	2	2	2	0	0	0	0	2	2	2	2	2	2	2	2	2	2	2	2	2	0	0	2	2	2	0	2	2	2	2	2	2	2	2	2	2	2	2	2	2	2	2	2	2	2	2	2	2	0	2	2	2	0	2	2	2	2	2	0	0	0	2	2	2	2	0	2	0	0	2	2	0	0	0	2	2	2	0	2	0	2	2	2	2	2	0	0	2	2	2	2	2	1	0	2	0	0	0	2	2	0	2	2	0	2	2	2	0	0	2	2	0	0	2	0	0	2	0	0	0	2	2	2	2	0	2	0
RCN11300	0	2	2	2	2	0	0	0	2	2	2	1	1	2	0	2	2	0	2	2	1	0	2	2	0	0	0	2	0	0	2	0	2	0	0	0	0	2	2	2	2	2	0	2	2	2	0	0	0	0	2	2	0	0	2	2	0	0	0	2	2	2	2	0	2	2	2	2	2	2	2	2	2	2	2	2	0	0	0	0	2	2	2	2	2	2	2	2	2	2	2	2	2	0	0	2	2	2	1	2	2	2	2	2	2	2	2	2	2	2	2	2	2	2	2	2	2	2	2	1	2	0	2	2	2	0	2	2	2	2	2	0	0	0	2	2	2	2	0	2	0	0	2	2	0	2	2	2	2	2	0	2	0	2	2	2	2	2	0	0	2	2	2	2	0	1	0	2	0	0	0	2	2	0	2	2	0	2	2	2	0	2	2	2	0	0	2	0	0	2	0	0	2	2	2	2	2	0	2	0
RCN10291	0	2	2	2	2	0	0	0	2	2	2	2	2	2	0	2	2	0	2	2	2	0	2	2	0	0	0	0	0	0	0	0	2	0	0	0	0	2	2	2	2	2	0	2	2	2	0	0	0	0	2	2	0	0	2	2	0	0	0	2	2	2	2	0	2	2	2	2	2	2	2	2	2	2	2	2	0	0	0	0	2	2	2	2	2	2	2	2	2	2	2	2	2	0	0	2	2	2	0	2	2	2	2	2	2	2	2	2	2	2	2	2	2	2	2	2	2	2	2	1	2	2	2	2	2	0	2	2	2	2	2	0	0	0	2	2	2	2	0	2	0	0	2	2	0	2	0	2	2	2	0	2	0	2	2	2	2	2	0	0	2	2	2	2	2	1	1	2	0	0	0	2	2	0	2	2	0	2	2	2	0	0	2	1	0	0	2	0	0	2	0	0	0	2	2	2	2	0	2	0
RCN08677	0	2	2	2	2	0	0	0	2	2	2	1	1	2	0	2	2	0	2	2	2	0	2	2	2	2	0	0	0	0	0	0	2	0	0	0	0	2	2	2	2	2	0	2	2	2	0	0	0	0	2	2	0	0	2	2	0	0	0	2	2	2	2	0	2	2	2	2	2	2	2	2	2	2	2	2	2	0	2	0	2	2	2	2	2	2	2	2	2	2	2	2	2	0	0	2	2	2	0	2	2	2	2	2	2	2	2	2	2	2	2	2	2	2	2	2	2	2	2	2	2	0	2	2	2	0	2	2	2	2	2	0	0	0	2	2	2	2	0	2	0	0	2	2	0	2	2	2	2	2	0	2	0	2	2	2	2	2	0	0	2	2	2	2	0	1	0	2	0	0	0	2	2	0	2	2	0	2	2	2	2	0	2	2	0	0	2	0	0	2	0	0	0	2	2	2	2	2	2	0
RCN14302	0	2	2	2	2	0	0	0	2	2	2	1	1	2	0	2	2	0	2	2	2	0	2	2	0	0	0	2	0	0	0	0	2	0	0	0	0	2	2	2	2	2	0	2	2	2	0	0	0	0	2	2	0	0	2	2	0	0	0	2	2	2	2	0	2	2	2	2	2	2	2	2	2	2	2	2	0	0	0	0	2	2	2	2	2	2	2	2	2	2	2	2	2	0	0	2	2	2	0	2	2	2	2	2	2	2	2	2	2	2	2	2	2	2	2	2	2	2	2	2	2	2	2	2	2	0	2	2	2	2	2	0	0	0	2	2	2	2	0	2	0	0	2	2	0	2	2	2	2	2	0	2	0	2	2	2	2	2	0	0	2	2	2	2	0	1	0	2	0	0	0	2	2	0	2	2	0	2	2	2	2	0	2	2	0	0	2	0	0	2	0	0	0	2	2	2	2	2	2	0
RCN13410	0	2	2	2	2	0	0	0	2	2	2	2	2	2	0	2	2	0	2	2	2	0	2	2	0	0	0	0	0	0	0	0	2	0	0	0	0	2	2	2	2	2	0	2	2	2	0	0	0	0	2	2	0	0	1	2	0	0	0	2	2	2	2	0	2	2	2	2	2	2	2	2	2	2	2	2	2	0	0	0	2	2	2	2	2	2	2	2	2	2	2	2	2	0	0	2	2	2	0	2	2	2	2	2	2	2	2	2	2	2	2	2	2	2	2	2	2	2	2	2	2	0	2	2	2	0	2	2	2	2	2	0	0	0	2	2	2	2	0	2	0	0	2	2	0	2	0	2	2	2	0	2	0	1	1	2	2	2	0	0	2	2	2	2	2	1	0	2	2	0	0	2	2	0	2	2	0	2	2	2	2	0	2	1	0	0	2	0	0	2	0	0	2	2	2	2	2	2	2	0
RCN08942	0	2	2	2	2	0	0	0	2	2	2	2	2	2	0	2	2	0	2	2	2	0	2	2	0	0	0	2	0	0	2	0	2	0	0	0	0	2	2	2	2	2	0	2	2	2	0	0	0	0	2	2	0	0	2	2	0	0	0	2	2	2	2	0	0	0	2	2	2	2	2	2	2	2	2	2	0	0	2	0	2	2	2	2	2	2	2	2	2	2	2	2	2	0	0	2	2	2	0	2	2	2	2	2	2	2	2	2	2	2	2	2	2	2	2	2	2	2	2	2	2	0	2	2	2	0	2	2	2	2	2	0	0	0	2	2	2	2	0	2	0	0	2	2	0	2	2	2	2	2	0	2	0	2	2	2	2	2	0	0	2	2	2	2	1	1	1	2	0	0	0	2	2	0	2	2	0	2	2	2	0	0	2	2	0	0	2	0	0	2	0	0	0	2	2	2	2	2	2	0
RCN10350	0	2	2	2	2	0	0	0	2	2	2	2	2	2	0	2	2	0	2	2	2	0	2	2	0	0	0	2	0	0	0	0	2	0	0	0	0	2	2	2	2	2	0	2	2	2	0	0	0	0	2	2	0	0	2	2	0	0	0	2	2	2	2	0	2	2	2	2	2	2	2	2	2	2	2	2	0	0	0	0	2	2	2	2	2	2	2	2	2	2	2	2	2	0	0	2	2	2	0	2	2	2	2	2	2	2	2	2	2	2	2	2	2	2	2	2	2	2	2	2	2	0	2	2	2	0	2	2	2	2	2	0	0	0	2	2	2	2	0	2	0	0	2	2	0	2	2	2	2	2	0	2	0	2	2	2	2	2	0	0	2	2	2	2	1	1	0	2	2	0	0	2	2	0	2	2	0	2	2	2	2	0	2	2	0	0	2	0	0	2	0	0	0	2	2	2	2	0	2	0
RCN11014	0	2	2	2	2	0	0	0	2	2	2	1	1	2	0	2	2	0	2	2	2	0	2	2	0	0	0	0	0	0	0	0	2	0	0	0	0	2	2	2	2	0	0	2	2	2	0	0	0	0	2	2	0	0	2	2	0	0	0	2	2	2	2	0	0	0	2	2	2	2	2	2	2	2	2	2	2	0	0	0	2	2	2	2	2	2	2	2	2	2	2	2	2	0	0	2	2	2	1	2	2	2	2	2	2	2	2	2	2	2	2	2	2	2	2	2	2	2	2	0	2	2	2	2	2	0	2	2	2	2	2	0	0	0	2	2	2	2	0	2	0	0	2	2	0	2	2	2	2	2	0	2	0	2	2	2	2	2	0	0	2	2	2	2	2	1	0	2	0	0	0	2	2	0	2	2	0	2	2	2	2	0	2	2	0	0	2	0	0	2	0	0	2	2	2	2	2	2	2	0
RCN08736	0	2	2	2	2	0	0	0	2	2	2	1	1	2	0	2	2	0	2	2	1	0	2	2	0	0	0	0	0	0	0	0	2	0	0	0	0	2	2	2	2	1	0	2	2	2	0	0	0	0	2	2	0	0	2	2	0	0	0	1	1	1	1	0	2	2	2	2	2	2	2	2	2	2	2	2	0	0	0	2	2	2	2	2	2	2	2	2	2	2	2	2	2	0	0	2	2	2	0	2	2	2	2	2	2	2	2	2	2	2	2	2	2	2	2	2	2	2	2	2	2	0	2	2	2	0	2	2	2	2	2	0	0	0	2	2	2	2	2	2	0	0	2	2	0	2	2	2	2	2	0	2	0	2	2	2	2	2	0	0	2	2	2	2	2	1	0	2	0	0	0	2	2	0	2	2	0	2	2	2	0	0	2	2	0	0	2	0	0	2	0	0	0	2	2	2	2	2	2	0
RCN11322	0	2	2	2	2	0	0	0	0	0	0	0	0	2	0	0	2	2	0	0	1	2	0	0	2	2	2	0	0	0	0	0	2	0	2	0	0	0	2	0	0	0	2	0	2	2	0	0	0	2	0	0	0	0	2	2	0	0	0	2	2	2	2	2	2	2	0	2	2	0	2	2	2	2	2	2	2	2	0	0	2	2	2	2	2	2	2	2	2	2	2	2	2	0	0	2	2	2	0	2	2	0	2	2	2	2	2	2	2	2	2	2	2	2	2	2	2	2	2	0	2	0	1	1	1	0	2	0	0	0	0	2	2	2	2	2	2	2	2	0	2	0	2	2	2	0	0	2	0	0	0	2	0	2	2	0	0	0	2	2	0	0	0	0	0	0	0	2	2	0	2	0	2	0	2	2	0	2	2	0	0	0	2	2	0	0	2	0	0	2	0	0	2	2	2	2	2	2	2	0
RCN10384	0	2	2	2	2	0	0	0	2	2	2	1	1	2	0	2	2	0	2	2	2	0	2	2	0	0	0	2	0	0	2	0	2	0	0	0	0	2	2	1	1	2	0	2	2	2	0	0	0	0	2	2	0	0	2	2	0	0	0	2	2	2	2	0	1	1	2	2	2	2	2	2	2	2	2	2	0	0	2	0	2	2	2	2	2	2	2	2	2	2	2	2	2	0	0	2	2	2	0	2	2	2	2	2	2	2	2	2	2	2	2	2	2	2	2	2	2	2	2	2	2	0	2	2	2	0	2	2	2	2	2	0	0	0	2	2	2	2	0	2	0	0	2	2	0	2	2	2	2	2	0	2	0	2	2	2	2	2	0	0	2	2	2	2	1	1	1	2	2	0	0	2	2	0	2	2	0	2	2	2	2	0	2	2	0	0	2	0	0	2	0	0	0	2	2	2	2	2	2	0
RCN11314	0	2	2	2	2	0	0	0	2	2	2	2	2	2	0	2	2	0	2	2	2	0	2	2	0	0	0	2	0	0	0	0	2	0	0	0	0	2	2	2	2	2	0	2	2	2	0	0	0	0	2	2	0	0	2	2	0	0	0	2	2	2	2	0	1	1	2	2	2	2	2	2	2	2	2	2	2	0	0	0	2	2	2	2	2	2	2	2	2	2	2	2	2	0	0	2	2	2	0	2	2	2	2	2	2	2	2	2	2	2	2	2	2	2	2	2	2	2	2	2	2	0	2	2	2	0	2	2	2	2	2	0	0	0	2	2	2	2	0	2	0	0	2	2	0	2	2	2	2	2	0	2	0	2	2	2	2	2	0	0	2	2	2	2	0	1	0	2	0	0	0	2	2	0	2	2	0	2	2	2	0	0	2	2	0	0	2	0	0	2	0	0	2	2	2	2	2	2	2	0
RCN08688	0	2	2	2	2	0	0	0	2	2	2	2	2	2	0	2	2	0	2	2	2	0	2	2	0	0	0	0	0	0	0	0	2	0	0	0	0	2	2	2	2	2	0	2	2	2	0	0	0	0	2	2	0	0	1	2	0	0	0	2	2	2	2	0	2	2	2	2	2	2	2	2	2	2	2	2	0	0	0	0	2	2	2	2	2	2	2	2	2	2	2	2	2	0	0	2	2	2	0	2	2	2	2	2	2	2	2	2	2	2	2	2	2	2	2	2	2	2	2	1	2	0	2	2	2	0	2	2	2	2	2	0	0	0	2	2	2	2	0	2	0	0	2	2	0	1	2	2	2	2	0	2	0	2	2	2	2	2	0	0	2	2	2	2	1	1	0	2	2	0	0	2	2	0	2	2	0	2	2	2	0	0	2	2	0	0	2	0	0	2	0	0	2	2	2	2	2	0	2	0
RCN08681	0	2	2	2	2	0	0	0	2	2	2	1	1	2	0	2	2	0	2	2	2	0	2	2	0	0	0	0	0	0	0	0	2	0	0	0	0	2	2	2	2	2	0	2	2	2	0	0	0	0	2	2	0	0	1	2	0	0	0	2	2	2	2	0	1	1	2	2	2	2	2	2	2	2	2	2	2	0	2	0	2	2	2	2	2	2	2	2	2	2	2	2	2	0	0	2	2	2	0	2	2	2	2	2	2	2	2	2	2	2	2	2	2	2	2	2	2	2	2	2	2	0	2	2	2	0	2	2	2	2	2	0	0	0	2	2	2	2	0	2	0	0	2	2	0	2	2	2	2	2	0	2	0	2	2	2	2	2	0	0	2	2	2	2	0	1	0	2	2	0	0	2	2	0	2	2	0	2	2	2	2	0	2	2	0	0	2	0	0	2	0	0	2	2	2	2	2	2	2	0
RCN08758	0	2	2	2	2	0	0	0	2	2	2	1	1	2	0	2	2	0	2	2	2	0	2	2	0	0	0	0	0	0	0	0	2	0	0	0	0	2	2	2	2	0	0	2	2	2	0	0	0	0	2	2	0	0	2	2	0	0	0	2	2	2	2	0	2	2	2	2	2	2	2	2	2	2	2	2	2	0	0	0	2	2	2	2	2	2	2	2	2	2	2	2	2	0	0	2	2	2	0	2	2	2	2	2	2	2	2	2	2	2	2	2	2	2	2	2	2	2	2	2	2	0	2	2	2	0	2	2	2	2	2	0	0	0	2	2	2	2	0	2	0	0	2	2	0	2	2	2	2	2	0	2	0	2	2	2	2	2	0	0	2	2	2	2	2	1	0	2	0	0	0	2	2	0	2	2	0	2	2	2	0	0	2	2	0	0	2	0	0	2	0	0	2	2	2	2	2	0	2	0
RCN08686	0	2	2	2	2	0	0	0	2	2	2	1	1	2	0	2	2	0	2	2	2	0	2	2	0	0	0	0	0	0	0	0	2	0	0	0	0	2	2	2	2	2	0	2	2	2	0	0	0	0	2	2	0	0	2	2	0	0	0	2	2	2	2	0	2	2	2	2	2	2	2	2	2	2	2	2	0	0	2	0	2	2	2	2	2	2	2	2	2	2	2	2	2	0	0	2	2	2	0	2	2	2	2	2	2	2	2	2	2	2	2	2	2	2	2	2	2	2	2	2	2	0	2	2	2	0	2	2	2	2	2	0	0	0	2	2	2	2	0	2	0	0	2	2	0	2	2	2	2	2	0	2	0	2	2	2	2	2	0	0	2	2	2	2	0	1	0	2	2	0	0	2	2	0	2	2	0	2	2	2	2	2	2	2	0	0	2	0	0	2	0	0	0	2	2	2	2	0	2	0
RCN08670	0	2	2	2	2	0	0	0	2	2	2	1	1	2	0	2	2	0	2	2	2	0	2	2	0	0	0	0	0	0	0	0	2	0	0	0	0	2	2	2	2	2	0	2	2	2	0	0	0	0	2	2	0	0	2	2	0	0	0	2	2	2	2	0	1	1	2	2	2	2	2	2	2	2	2	2	0	0	2	0	2	2	2	2	2	2	2	2	2	2	2	2	2	0	0	2	2	2	1	2	2	2	2	2	2	2	2	2	2	2	2	2	2	2	2	2	2	2	2	1	2	0	2	2	2	0	2	2	2	2	2	0	0	0	2	2	2	2	0	2	0	0	2	2	0	2	0	2	2	2	0	2	0	2	2	2	2	2	0	0	2	2	2	2	2	1	0	2	0	0	0	2	2	0	2	2	0	2	2	2	2	2	2	2	0	0	2	0	0	2	0	0	0	2	2	2	2	2	2	0
RCN08636	0	2	2	2	2	0	0	0	2	2	2	1	1	2	0	2	2	0	2	2	2	0	2	2	0	0	0	0	0	0	0	0	2	0	0	0	0	2	2	2	2	0	0	2	2	2	0	0	0	0	2	2	0	0	2	2	0	0	0	2	2	2	2	1	2	2	2	2	2	2	2	2	2	2	2	2	0	0	0	0	2	2	2	2	2	2	2	2	2	2	2	2	2	0	0	2	2	2	0	2	2	2	2	2	2	2	2	2	2	2	2	2	2	2	2	2	2	2	2	2	2	0	1	1	1	0	2	2	2	2	2	0	0	0	2	2	2	2	2	2	0	0	2	2	0	2	0	2	2	2	0	2	0	2	2	2	2	2	0	0	2	2	2	2	0	1	0	2	0	0	0	2	2	0	2	2	0	2	2	2	0	2	2	1	0	0	2	0	0	2	0	0	2	2	2	2	2	2	2	0
RCN10723	0	2	2	2	2	0	0	0	2	2	2	2	2	2	0	2	2	0	2	2	2	0	2	2	0	0	0	2	0	0	0	0	2	0	0	0	0	2	2	2	2	2	0	2	2	2	0	0	0	0	2	2	0	0	2	2	0	0	0	2	2	2	2	0	2	2	2	2	2	2	2	2	2	2	2	2	0	0	0	0	2	2	2	2	2	2	2	2	2	2	2	2	2	0	0	2	2	2	0	2	2	2	2	2	2	2	2	2	2	2	2	2	2	2	2	2	2	2	2	2	2	0	2	2	2	0	2	2	2	2	2	0	0	0	2	2	2	2	0	2	0	0	2	2	0	2	0	2	2	2	0	2	0	2	2	2	2	2	0	0	2	2	2	2	0	1	0	2	0	0	0	2	2	0	2	2	0	2	2	2	0	0	2	2	0	0	2	0	0	2	0	0	0	2	2	2	2	0	2	0
RCN11192	0	2	2	2	2	0	0	0	2	2	2	1	1	2	0	2	2	0	2	2	2	0	2	2	0	0	0	2	0	0	0	0	2	0	0	0	0	2	2	2	2	2	0	2	2	2	0	0	0	0	2	2	0	0	2	2	0	0	0	2	2	2	2	0	0	0	2	2	2	2	2	2	2	2	2	2	0	0	0	0	2	2	2	2	2	2	2	2	2	2	2	2	2	0	0	2	2	2	0	2	2	2	2	2	2	2	2	2	2	2	2	2	2	2	2	2	2	2	2	2	2	0	2	2	2	0	2	2	2	2	2	0	0	0	2	2	2	2	0	2	0	0	2	2	0	2	2	2	2	2	0	2	0	2	2	2	2	2	0	0	2	2	2	2	2	1	0	2	0	0	0	2	2	0	2	2	0	2	2	2	2	0	2	2	0	0	1	0	0	2	0	0	0	2	2	2	2	0	2	0
RCN10386	0	2	2	2	2	0	0	0	2	2	2	1	1	2	0	2	2	0	2	2	2	0	2	2	0	0	0	2	0	0	0	0	2	0	0	0	0	2	2	2	2	2	0	2	2	2	0	0	0	0	2	2	0	0	2	2	0	0	0	2	2	2	2	0	0	0	2	2	2	2	2	2	2	2	2	2	2	0	2	2	2	2	2	2	2	2	2	2	2	2	2	2	2	0	0	2	2	2	0	2	2	2	2	2	2	2	2	1	2	2	2	2	2	2	2	2	2	2	2	2	2	0	2	2	2	0	2	2	2	2	2	0	0	0	2	2	2	2	0	2	0	0	2	2	0	2	2	2	2	2	0	2	0	2	2	2	2	2	0	0	2	2	2	2	0	1	0	2	0	0	0	2	2	0	2	2	0	2	2	2	0	0	2	2	0	0	2	0	0	2	0	0	0	2	2	2	2	2	2	0
RCN09905	0	2	2	0	0	0	0	0	0	0	0	2	2	2	0	0	2	0	2	2	2	0	2	2	0	0	0	2	0	0	0	0	2	0	0	0	0	2	2	2	2	0	2	2	2	2	2	0	0	0	0	0	2	0	2	2	0	0	0	2	2	2	2	0	1	0	2	2	0	0	2	2	2	2	2	2	2	2	2	0	2	0	2	2	1	2	2	2	0	2	2	2	2	0	2	2	2	0	0	0	2	2	2	2	2	2	2	2	2	2	2	2	2	2	2	2	2	2	2	0	2	2	1	1	1	0	2	0	2	0	0	0	0	0	0	0	2	2	2	2	0	0	2	2	0	2	2	2	2	2	2	2	2	2	2	0	2	2	2	2	2	2	2	2	2	2	1	0	2	0	0	0	2	0	2	0	0	2	2	2	2	0	2	2	0	0	2	0	0	2	0	0	2	2	0	2	2	2	2	0
merge_GM331_580Y	0	2	2	0	0	0	0	0	0	0	0	0	2	2	0	2	2	0	0	0	0	0	0	0	0	0	0	0	0	0	0	0	2	0	0	0	0	0	2	0	0	0	0	1	0	1	0	2	0	0	0	0	0	0	0	2	0	0	0	0	0	0	0	0	0	0	0	2	2	0	0	0	0	0	0	0	0	0	0	0	2	2	2	2	2	2	0	2	0	2	0	2	0	0	0	0	2	0	0	0	2	0	2	2	2	2	2	0	2	0	0	2	2	2	2	2	0	0	2	0	2	0	0	0	0	0	0	0	0	0	0	0	0	0	0	0	0	0	0	0	1	0	0	0	0	0	0	1	0	0	0	2	0	0	0	0	0	0	0	0	0	0	0	0	0	0	0	0	0	0	0	0	2	0	0	0	0	0	2	0	0	0	0	0	0	0	2	0	0	0	0	0	0	0	0	0	0	0	0	0
